0.334396 102
1.871973 2
0.000303 102
0.193322 2
0.000512 102
20.432126 1
0.197334 1
0.213467 1
0.271637 1
0.175681 1
0.218007 1
0.527624 1
0.559774 1
0.303887 1
0.166891 1
0.667593 2
0.003821 15
0.001031 102
1.164599 2
0.000119 102
0.261791 2
0.000388 102
6.564011 1
0.131972 1
0.567330 1
0.188800 1
1.649157 1
0.215051 1
0.309707 1
1.206737 1
1.336534 1
0.107370 1
0.970886 2
0.596481 72
0.001251 57
0.092015 45
0.001332 1946
0.009866 100
0.002852 1997
0.984916 21
0.000185 83
2.927897 30
0.410700 28
1.432544 28
0.277386 38
0.387721 32
0.378133 28
0.110851 47
2.853711 28
0.256940 42
0.718971 28
0.521819 69
0.218406 63
0.357466 37
1.066343 39
0.192943 39
0.389861 39
0.113936 39
0.245840 39
0.198526 39
0.895652 39
0.241492 39
0.107108 39
0.272132 40
0.204795 39
0.327273 39
1.247120 39
0.200380 39
0.272578 39
0.308637 39
0.123200 39
0.229869 39
1.212731 39
0.853858 50
1.256306 42
0.359197 40
0.396925 49
0.593385 28
0.409530 52
1.272556 28
0.625706 28
0.436207 28
0.196118 38
0.624817 32
0.323642 28
0.143337 28
0.772829 36
0.192286 36
1.028979 28
0.109330 47
0.941530 28
0.228747 42
0.780343 28
0.443092 69
0.213616 63
0.277899 37
1.148668 39
0.168564 39
0.428303 39
0.448938 39
0.212145 39
0.135146 39
1.364728 39
0.204348 39
0.180866 39
0.476459 40
0.295580 39
0.457544 39
0.150755 39
0.260413 39
0.229692 39
0.235432 39
0.311220 39
0.120084 39
0.201593 39
0.755640 43
0.552199 40
0.859967 40
0.606990 39
0.674877 49
1.596218 62
0.923437 28
0.498900 41
0.029935 29
0.031295 28
0.030364 28
0.028442 28
0.031417 28
0.030999 28
0.031201 28
0.027757 28
0.031996 28
0.028816 28
0.030072 29
0.032797 28
0.030930 28
0.029962 28
0.029977 28
0.027452 28
0.030635 28
0.030127 28
0.030949 28
0.034350 28
0.032653 45
0.031005 27
0.029625 34
0.030482 27
0.030640 27
0.031335 27
0.031097 27
0.032350 27
0.113279 27
0.336507 1
0.707226 137
0.521695 27
1.732304 36
0.971201 36
1.637544 36
0.640802 36
0.105835 36
0.277790 36
1.410954 36
0.576024 36
0.211523 38
0.221304 37
4.123859 37
0.622694 37
0.393879 37
0.160068 37
0.183658 37
1.367776 37
0.225634 37
1.036000 37
2.678390 71
3.766724 28
0.243646 28
0.351978 28
0.186519 28
0.251825 28
0.250807 47
0.217573 27
1.010856 28
0.218978 30
0.234325 29
0.133751 29
6.898821 28
0.647955 28
0.387081 28
0.501453 28
0.030874 28
0.032126 28
0.029017 28
0.030372 28
0.027814 28
0.032275 29
0.031275 28
0.030679 28
0.031048 28
0.031517 28
0.030530 28
0.030926 28
0.031924 28
0.030958 28
0.030050 28
0.030173 29
0.030428 28
0.032728 49
0.029354 28
0.028203 1
0.538755 1
1.109819 45
2.274943 50
0.675976 52
2.322584 28
0.198111 28
1.843917 28
0.484457 28
1.305346 28
1.680204 36
0.361660 36
0.236374 36
0.268606 36
0.379084 36
0.802185 28
0.380559 28
0.268892 28
0.194128 28
0.223025 28
2.961393 27
6.763454 27
0.229031 36
0.280753 36
0.257609 36
0.275713 36
0.250304 36
6.607118 28
0.118016 28
0.328963 28
0.271610 28
0.104418 45
1.223737 28
0.258445 40
0.520780 27
1.365371 67
0.190261 62
0.311547 36
0.914953 38
0.263367 40
0.249758 39
0.214866 39
1.167445 39
0.161725 39
0.250243 39
1.463260 39
0.192273 39
0.295909 39
0.326397 39
0.723554 40
0.211645 39
0.400883 39
0.846247 49
0.348853 39
0.132750 39
0.167061 39
0.254408 39
1.092727 39
0.192306 39
0.233219 39
0.353932 39
0.154742 40
0.249020 39
0.604731 39
2.736981 39
0.118860 39
0.264818 39
1.283544 49
0.602071 39
0.817959 39
1.004524 49
0.347782 28
1.545026 28
1.549465 41
2.410784 39
0.453853 39
1.094674 39
2.633651 49
0.357462 49
0.323384 49
3.841426 49
21.332481 50
0.732273 50
1.199108 51
1.418758 50
0.598129 28
3.267753 52
0.871399 38
0.100405 48
0.382034 54
0.323540 1
0.247522 1
0.220952 15
0.000198 8
0.041712 23
0.016504 33
0.000047 29
0.008676 102
0.528795 2
0.000070 102
0.206790 2
0.000409 102
1.639710 1
0.418469 1
0.176534 1
0.145072 1
0.696425 1
0.356624 1
0.413777 2
0.141709 142
0.047716 4
1.001330 2
0.000264 4
2.122762 2
0.000398 39
0.000489 102
0.762668 2
0.000551 102
0.302407 2
0.000332 102
2.732924 1
0.404601 1
0.143492 1
0.126446 1
0.222403 1
0.282729 1
0.764076 1
1.186250 1
0.292672 1
0.369951 1
0.480359 4
0.412830 2
0.040959 20
1.441134 1
0.366363 2
0.000207 21
0.755523 1
0.330378 2
0.000262 33
0.009066 102
15.031854 14
0.341263 11
0.443054 16
3.205220 2
0.047884 72
0.000585 46
0.000037 9
0.004964 27
0.000011 18
0.001046 1725
0.003616 100
0.001148 1791
1.520024 47
0.850801 23
0.000520 42
0.435292 23
0.000638 38
0.499516 23
0.000650 38
0.029730 23
0.000496 38
0.029760 23
0.000765 38
0.028779 23
0.002550 53
0.027997 23
0.000900 46
0.029754 23
0.000477 38
0.030650 23
0.000497 38
0.030597 23
0.000510 41
0.030615 64
0.030148 24
0.000389 40
0.031273 24
0.000423 40
0.030122 24
0.000470 40
0.030931 24
0.000557 40
0.029255 24
0.000494 40
0.029817 24
0.000575 40
0.029287 24
0.000469 40
0.030702 24
0.000540 40
0.030291 24
0.000654 41
0.030140 24
0.000499 40
0.029478 24
0.000559 40
0.031011 24
0.000482 40
0.031559 24
0.000517 40
0.030172 24
0.000512 40
0.029522 24
0.000817 40
0.028965 24
0.000618 40
0.030729 24
0.000529 40
0.030164 24
0.000521 40
0.030394 24
0.000445 41
0.029948 24
0.000453 40
0.030267 24
0.000506 40
0.030946 24
0.000486 40
0.317363 24
0.000568 40
0.269958 24
0.000634 40
0.350078 24
0.000655 40
2.128807 24
0.001025 64
1.573863 22
0.000097 86
1.336926 62
0.371048 28
0.499068 41
0.030219 29
0.031021 28
0.029955 28
0.030633 28
0.031010 28
0.030342 28
0.030216 28
0.030427 28
0.029958 28
0.030672 28
0.030215 29
0.030680 28
0.030732 28
0.030743 28
0.030787 28
0.030210 28
0.030704 28
0.030526 28
0.029632 28
0.031595 28
0.032534 45
0.025046 27
0.034778 34
0.027810 27
0.030999 27
0.031638 27
0.031189 27
0.030851 27
0.393923 27
0.910598 65
0.576484 65
0.158271 65
1.282785 95
0.518947 27
0.502117 27
0.030762 29
0.031274 28
0.031442 47
0.026456 28
0.029827 36
0.030587 28
0.032490 28
0.030909 28
0.030712 28
0.030299 28
0.030484 29
0.030759 28
0.029831 28
0.030510 28
0.031243 28
0.030040 28
0.030451 28
0.030252 28
0.031187 28
0.030626 28
0.030375 29
0.031580 28
0.027761 28
0.034164 28
0.029740 28
0.033728 50
0.029621 28
0.028290 1
1.102268 64
0.636406 65
1.476421 42
0.473433 28
0.500468 49
0.029715 41
0.030034 28
0.029981 29
0.030600 28
0.030341 28
0.031073 28
0.030969 28
0.030955 28
0.030470 28
0.031497 28
0.030985 28
0.030737 28
0.030327 29
0.030519 28
0.028582 28
0.029497 28
0.032732 28
0.030016 28
0.031571 28
0.030884 28
0.031076 28
0.030695 28
0.032627 45
0.033085 27
0.029215 34
0.064653 27
0.025176 27
0.030619 27
0.031585 27
0.530423 27
0.831743 67
0.213559 67
0.128361 67
0.733829 118
3.034788 38
0.100392 16
0.003385 31
0.480241 54
0.285416 1
0.231613 1
0.199883 1
0.000360 14
0.000112 8
0.053889 17
0.002478 33
0.000039 29
0.002925 102
0.551326 2
0.000114 102
0.631738 10
0.253253 24
0.506476 2
0.036988 20
0.948343 1
0.413434 2
0.000171 21
0.701993 1
0.272382 2
0.000227 32
0.007252 102
2.181003 2
0.000439 102
1.190599 2
0.000346 102
2.074616 1
0.179763 1
0.171851 1
0.332349 1
0.176182 1
0.274452 1
0.626444 1
0.364910 1
0.103704 1
0.144556 1
0.221417 1
0.248910 1
0.610867 2
0.014246 17
0.001254 102
8.638218 12
0.438877 26
0.398811 28
0.876548 2
0.045600 72
0.000480 55
0.002760 45
0.001257 1768
0.007677 100
0.001265 1840
2.009205 21
0.000216 83
0.504880 61
0.154726 34
0.427208 27
0.319487 27
0.500506 27
0.029838 27
0.030816 29
0.029824 28
0.030657 28
0.031060 28
0.030401 28
0.030114 28
0.031295 28
0.031079 28
0.273362 28
0.349736 28
0.649136 38
0.974171 40
0.100424 17
0.000624 33
0.258694 49
0.000054 6
0.267424 1
0.248034 1
0.795115 1
0.000135 14
0.000161 8
0.055134 17
0.002380 62
0.002380 102
0.519260 2
0.000105 102
9.024194 1
0.141429 1
0.325318 1
0.226721 1
0.206180 1
0.535527 1
1.275391 1
0.187463 1
1.178448 1
1.650572 1
1.831749 1
0.143236 1
1.660888 4
2.217075 4
0.849430 1
0.203092 1
0.319861 1
0.172935 1
1.174825 1
0.645125 1
0.186789 1
0.257839 1
0.155864 1
0.375604 1
0.315865 1
2.100474 4
0.504137 4
0.031540 4
0.031771 4
0.030480 4
0.028990 4
0.030623 4
0.030108 4
0.030614 4
0.030940 4
0.030653 4
0.030338 4
0.030735 4
0.029943 4
0.030985 4
0.030980 4
0.028017 4
0.030363 4
0.029778 4
0.032467 4
0.032046 4
0.030265 1
0.030948 1
0.029985 1
0.031375 1
0.030600 1
0.029618 1
0.031280 1
0.549595 1
0.568533 4
0.624425 1
0.113109 1
0.229102 1
0.157065 2
0.000255 31
0.000316 102
0.585045 2
0.000432 102
2.586317 1
0.221241 1
0.301246 1
0.237343 1
0.280121 1
0.229683 1
0.824678 1
0.586083 1
0.166100 1
1.510292 1
1.249322 1
0.231475 1
0.265101 3
1.127266 1
0.153056 1
0.567842 4
0.368768 1
0.258653 5
1.158940 1
0.233344 1
0.323514 1
0.648808 4
0.344311 1
0.276650 9
1.564352 1
0.330723 1
0.435871 1
1.659967 3
5.201867 1
0.129210 1
1.284892 5
1.932896 2
0.036584 102
0.720596 2
0.000440 102
3.322759 1
0.140084 1
0.224931 1
0.266641 1
0.753494 1
0.564833 1
0.120725 1
0.307614 1
0.933733 1
0.871075 1
0.170019 1
0.265334 1
0.779476 1
0.524843 1
0.592666 1
0.801580 1
3.751552 2
0.050018 124
0.049584 52
0.032036 45
0.000381 2014
0.000109 829
0.024378 100
0.001127 1979
0.000738 1342
5.868236 22
0.100362 55
1.080847 47
0.000042 6
0.624514 1
0.450315 1
0.001859 28
0.000055 61
0.002283 102
6.124175 16
2.864327 1
0.298581 1
0.375041 1
1.102719 7
0.347135 7
1.093652 3
0.327753 3
0.270473 3
1.678621 2
0.043893 72
0.000411 65
0.001374 45
0.000371 1946
0.011740 100
0.000708 2005
1.608740 21
0.000089 83
4.745333 30
0.654074 28
1.096433 28
0.422461 28
0.180020 28
0.227716 28
0.488432 28
0.507435 28
0.157228 30
0.273398 29
0.193504 29
2.173827 39
0.844920 36
2.810580 28
0.690400 28
0.161917 28
0.252086 28
0.175839 28
0.880849 28
0.450909 28
0.178908 28
0.221084 30
0.119028 29
0.278274 29
0.151889 29
0.850809 29
1.311109 29
0.255174 29
0.328364 29
0.482970 29
0.191763 29
0.158253 30
1.180966 29
0.896044 29
0.217212 29
0.232039 29
0.503702 29
0.937463 29
0.324863 29
0.150247 29
0.473970 29
0.237410 30
1.379325 29
0.489891 29
0.274093 29
0.212346 29
0.526202 29
0.321968 29
0.234732 29
2.015292 40
0.100414 17
0.000602 33
0.403040 22
0.000063 33
0.740974 1
0.256898 1
5.622607 1
0.000040 14
0.000069 16
0.000082 64
0.000027 8
0.000026 62
8.643786 86
2.149237 23
0.100496 58
0.899476 49
0.000041 6
0.988541 1
0.278976 1
0.221550 1
0.000041 14
0.000113 16
0.000158 72
0.000102 62
0.900945 86
0.695313 23
0.000048 24
0.737401 23
0.000048 24
7.969083 23
0.100469 58
0.590716 49
0.000049 6
0.290902 1
0.807258 29
0.220691 1
0.314681 1
0.000097 75
0.000121 43
0.983098 23
0.000050 24
1.105613 23
0.100517 58
0.601391 54
1.328823 1
2.815113 29
1.023503 16
0.000043 40
0.581686 23
0.100499 58
0.487202 23
0.100422 58
0.942165 47
0.000049 29
0.000291 2
0.000120 50
0.000567 102
1.478517 2
0.000554 102
4.652400 18
0.913183 1
0.493806 1
0.030142 1
0.031324 1
0.029981 1
0.028330 1
0.030732 1
0.030365 1
0.028883 1
0.030180 1
0.030882 1
0.030348 1
0.030093 1
0.030366 1
0.030029 1
0.030738 1
0.030694 1
0.030366 1
0.030182 1
0.031128 1
0.029205 1
0.030122 1
2.688586 3
0.454621 2
0.000539 102
0.300566 2
0.000416 102
0.362123 2
0.000441 102
0.709277 1
0.385174 1
0.317189 1
1.030116 21
0.359926 12
0.395206 8
0.464441 1
0.498187 1
0.029897 1
0.030757 1
0.029769 1
0.030188 1
0.029212 1
0.030402 1
0.030833 1
0.030699 1
0.029682 1
0.030762 1
0.029923 1
0.029719 1
0.030617 1
0.030386 1
0.030638 1
0.030243 1
0.030708 1
0.031288 1
0.033047 1
0.822451 5
0.223568 5
0.879325 5
0.179113 5
0.658614 5
0.773569 2
0.130889 28
1.371188 2
0.055727 72
0.000555 65
0.001808 45
0.000384 1946
0.029078 100
0.003024 2005
14.479191 21
0.000212 83
2.763413 30
0.502437 28
1.155995 28
0.396953 28
0.226308 28
0.237979 28
0.665492 28
0.511310 28
0.125137 30
0.506632 29
0.228951 29
1.839201 39
0.502337 36
0.872596 28
0.574344 28
0.172192 28
0.204587 28
0.199819 28
0.534892 28
0.499597 28
0.214103 28
0.222404 30
0.113825 29
0.287593 29
0.135389 29
0.842360 29
2.001572 29
0.242764 29
0.280744 29
0.452075 29
0.167777 29
0.099881 30
1.649779 29
0.626254 29
0.258336 29
0.253872 29
0.531017 29
1.632449 29
0.403726 29
0.215915 29
0.661154 29
0.169175 30
1.344990 29
6.909745 29
0.201797 29
0.242702 29
1.060769 29
0.368521 29
0.430997 29
3.376889 40
0.101451 17
0.000775 33
0.632907 22
0.000083 27
0.000063 6
0.549209 1
0.266743 1
0.620453 1
0.000086 14
0.000123 16
0.115401 22
0.009273 62
0.005079 102
0.803771 2
0.000461 102
0.256072 2
0.000615 102
5.590442 1
0.246616 1
0.160855 1
0.183119 1
0.285450 1
1.025142 1
0.173215 1
0.329037 1
0.226753 1
0.258722 1
0.171970 1
0.706565 1
0.862888 1
0.142090 1
0.838641 1
0.888527 1
0.167087 1
0.257199 1
1.316150 1
0.404175 1
0.194195 1
0.204511 1
0.619435 1
0.476194 1
0.580893 1
0.251088 1
1.471859 1
0.185102 1
1.001855 1
1.916855 2
0.030824 102
0.918355 2
0.000483 102
2.969832 1
0.395610 1
0.369245 1
0.218812 1
0.393611 1
0.453937 2
0.393410 20
2.521731 1
0.246276 1
0.339840 2
0.049999 21
0.736946 1
0.282218 1
0.468722 2
0.000231 38
0.007287 102
14.718628 2
0.000565 102
0.366872 2
0.000454 102
0.720244 5
0.304373 33
0.294601 75
0.341389 81
0.341354 12
0.479570 62
0.601354 238
0.438548 13
1.321196 2
0.042647 72
0.000532 46
0.000064 9
0.003297 45
0.000769 1751
0.010434 100
0.001407 1825
1.696660 24
0.000796 43
0.656350 24
0.000708 40
0.279306 24
0.000727 40
0.498986 24
0.000649 40
0.542927 24
0.000720 40
0.494377 24
0.000650 40
0.028520 24
0.000558 40
0.030036 24
0.000645 40
0.028243 24
0.000678 40
0.028088 24
0.000348 40
0.031005 24
0.000553 40
0.029671 24
0.000388 40
0.030078 24
0.000445 41
0.030392 24
0.000448 40
0.029921 24
0.000460 40
0.030346 24
0.000484 40
0.030186 24
0.000542 40
0.029682 24
0.000447 40
0.030387 24
0.000417 40
0.030193 24
0.000431 40
0.029457 24
0.000495 40
0.029656 24
0.000432 40
0.030273 65
0.029954 24
0.000503 40
0.029548 24
0.000497 40
0.029695 24
0.000400 40
0.030501 24
0.000535 40
0.031042 24
0.000494 40
0.027601 24
0.000647 40
0.029108 24
0.000641 40
0.029615 24
0.000538 40
0.030180 24
0.000452 40
0.030764 24
0.001400 41
0.578509 24
0.002490 61
1.562461 24
0.001388 53
0.191668 24
0.000658 41
0.237177 24
0.000673 40
1.231400 22
0.000093 86
0.689984 28
0.496850 29
0.032610 49
0.793446 56
0.197354 57
0.240938 56
0.394237 56
0.873591 41
0.347608 28
0.439062 28
1.380985 39
0.318664 39
0.737198 39
10.332396 40
0.100329 17
0.000711 33
0.208072 49
0.000136 6
0.454194 1
0.246334 1
0.172811 1
0.000049 14
0.000205 8
0.040179 17
0.002751 33
0.000041 29
0.002796 102
0.466308 2
0.000103 102
0.895740 10
0.225287 19
0.534929 2
0.033414 20
1.088396 1
0.360931 2
0.000083 21
1.369923 1
0.304587 2
0.000209 33
0.007512 102
2.091474 2
0.000535 102
0.912120 5
0.299262 15
3.910313 2
0.044307 72
0.000439 46
0.000064 9
0.002740 27
0.000019 18
0.000658 1750
0.008509 100
0.002562 1824
1.598928 108
0.777266 30
0.488398 1
0.615199 31
0.919512 28
0.500903 50
0.030635 28
0.025214 1
0.321809 28
0.489749 42
0.905140 49
0.211657 49
0.237903 49
0.446140 49
0.868636 49
10.278616 50
5.921217 50
0.278230 50
1.301383 51
3.396419 42
0.301848 28
0.431360 28
0.288539 28
0.505260 28
0.033210 50
0.032024 28
0.024304 1
0.848241 40
0.101509 17
0.002475 33
0.238356 55
0.302240 1
0.235403 1
0.139467 1
0.000092 14
0.000244 8
0.131013 17
0.002913 62
0.002766 102
0.627903 2
0.000108 102
0.643922 10
0.253025 19
0.517497 2
0.028339 20
1.680897 1
0.334571 2
0.000255 21
0.504427 1
0.357576 2
0.000168 36
0.006462 102
1.524356 2
0.000415 102
155.862647 5
0.320681 15
0.940292 2
0.019419 72
0.000369 46
0.000050 9
0.002538 45
0.001009 1768
0.003353 100
0.001223 1840
1.558298 22
0.000124 86
0.648439 42
0.461949 28
0.573294 28
1.424128 28
0.230741 28
1.188002 43
0.291305 65
0.881145 40
2.778943 28
153.464361 34
1.791034 33
0.176898 33
0.108486 33
1.586337 43
1.448082 33
0.146941 33
0.206434 33
0.222623 33
1.400528 59
0.631785 34
0.238984 28
0.253628 53
1.205791 67
0.746224 28
4.128836 40
0.100228 17
0.004941 33
0.184797 22
0.000199 27
0.000160 6
0.295036 1
0.225000 1
0.167555 1
0.000140 14
0.000208 8
0.064455 17
0.000996 15
0.000015 47
0.001418 102
0.765652 2
0.000147 102
0.421470 10
0.310588 19
0.478553 2
0.060285 119
0.000035 6
0.000139 29
0.000055 32
0.003854 102
20.417408 5
0.517051 15
1.319812 2
0.062059 72
0.001753 46
0.000221 9
0.010525 31
0.000024 14
0.002563 1779
0.011437 100
0.001895 1851
1.026465 24
0.003825 74
0.493558 24
0.000933 49
0.030268 24
0.000463 40
0.031857 24
0.000495 40
0.030366 24
0.001998 61
0.028616 24
0.001604 46
0.027961 24
0.000697 40
0.030748 24
0.000599 40
0.027811 24
0.000330 40
0.029342 24
0.000306 40
0.031243 24
0.000433 40
0.736678 24
0.000586 41
1.063779 22
0.000242 86
0.629375 51
1.722397 40
0.100259 17
0.000641 33
0.239587 55
0.286941 1
0.253043 1
0.137401 1
0.000180 14
0.000221 8
