0.049688 102
1.650630 2
0.000527 102
1.408164 1
0.169378 1
0.243749 1
0.261141 1
1.401510 1
0.224234 1
0.131261 1
0.969658 1
0.133814 1
0.249851 1
0.233015 2
0.716494 72
0.001361 46
0.010747 9
0.128299 45
0.005005 1944
0.005848 100
0.005853 1962
2.170263 22
0.000253 86
0.911650 30
0.707198 31
0.293286 30
0.241888 31
0.228746 31
1.293011 38
0.499672 38
0.030361 37
0.032500 36
0.028612 36
0.030509 36
0.213868 36
0.211722 36
0.220938 36
0.214194 36
0.235713 36
0.409261 1
0.667510 1
1.626884 38
0.100471 16
0.000059 32
0.312515 54
0.275444 1
0.246604 1
0.153677 1
0.000094 14
0.000136 8
0.074627 17
0.022918 62
0.009416 102
0.485564 2
0.000157 102
0.209719 2
0.000127 102
2.196535 1
0.521977 1
0.194360 1
0.630362 1
0.187488 1
0.696671 1
0.213718 2
0.003560 35
1.007256 27
1.009230 54
0.001067 102
2.704158 2
0.000179 102
7100.001365 2
0.000511 102
0.194403 2
0.000478 102
4.583196 1
0.176434 1
0.753611 2
0.067903 47
0.001183 102
0.748954 2
0.000591 102
1.261890 1
0.158859 1
0.257688 1
0.143940 2
0.000210 31
0.000348 102
1.309800 2
0.000487 102
0.210244 2
0.000486 102
8.025139 1
0.106891 1
0.244559 1
0.380018 1
0.634630 1
0.137696 1
0.261276 1
1.376812 4
0.215542 4
0.191103 4
0.887619 1
0.153453 1
0.135168 1
0.328985 1
0.127224 1
0.877485 1
0.361944 1
2.499804 2
0.676569 72
0.001294 58
0.152452 45
0.001653 1946
0.009972 100
0.003300 1998
1.043131 21
0.000226 83
2.632105 30
1.079232 28
0.216177 28
0.318607 28
0.185080 28
0.376667 28
0.247145 28
0.295828 28
1.455385 52
0.375729 39
1.466152 28
0.997216 38
0.203456 38
0.178162 38
0.428877 38
0.189771 38
0.478361 38
0.469521 38
0.719062 28
0.466339 39
2.371958 28
0.174450 28
0.230068 28
0.375758 46
0.216121 27
0.806656 28
0.155650 28
0.147411 28
0.211813 30
1.533835 43
0.957332 38
0.335469 37
1.151949 30
1.049998 29
0.295123 41
1.914916 59
2.113710 29
1.294556 28
0.753233 39
0.856607 27
0.585793 69
2.465890 67
1.114262 39
1.286542 27
0.587633 27
2.018383 28
0.178462 28
0.248037 28
0.236445 28
0.175668 28
0.253610 28
0.888488 30
0.307881 41
1.091080 28
2.408488 76
0.255614 71
0.590878 37
2.340652 39
0.151634 39
1.051960 49
0.215203 39
0.410096 39
0.188801 39
0.182380 39
0.303554 39
1.317760 39
0.262609 39
0.160507 40
0.139450 39
0.209414 39
0.351476 39
0.222327 39
0.139091 39
0.163014 39
0.311577 39
0.225117 39
0.173760 39
0.119623 40
1.110495 39
0.021676 39
0.265927 39
0.048887 39
0.258655 39
0.352924 39
0.833308 49
0.237596 49
0.215557 49
0.226149 49
0.223066 49
1.150390 49
1.075345 39
0.143599 39
0.258685 39
0.254961 39
0.296010 39
0.203502 39
0.202027 39
0.247645 39
0.161753 39
0.267790 40
0.248847 39
0.269457 39
0.271644 39
0.308400 39
0.209539 39
0.144280 39
0.216784 39
0.293293 39
0.780714 39
0.174154 40
0.300211 39
0.150970 39
3.346110 39
1.285998 56
1.291432 56
0.685525 49
0.584812 28
1.031803 42
0.147452 71
1.213748 28
0.194359 28
0.218019 28
0.252561 28
0.175090 28
0.377273 28
1.232559 30
0.272483 41
0.713787 28
0.624886 76
0.270551 71
0.398829 37
2.604643 39
0.247433 39
0.587762 39
0.237182 39
0.246183 39
1.035288 39
0.398913 39
0.253506 39
0.178141 40
0.224103 39
0.101466 39
0.636954 39
0.237535 39
0.142374 39
0.153332 39
0.203409 39
0.687726 39
0.248512 39
0.346138 40
0.135039 39
0.289212 39
0.765703 39
0.432595 39
0.188198 39
0.178009 39
2.141460 39
0.242371 56
1.738279 56
3.849075 50
0.287684 28
0.947975 42
0.545054 71
2.862640 38
0.100378 16
0.001215 32
0.682996 48
0.000047 6
0.402090 1
0.263450 1
0.256366 15
0.000181 9
0.047016 23
0.021023 33
0.000082 29
0.008036 102
1.615286 11
0.622373 2
0.038789 72
0.000454 47
0.000069 9
0.005238 45
0.000762 1644
0.012838 100
0.005567 1717
2.148854 22
0.100266 55
0.796187 21
0.000034 26
0.000027 6
0.584236 1
0.293056 1
0.226201 1
0.000109 14
0.000215 9
0.394068 17
0.003018 33
0.000044 29
0.002912 102
0.849383 2
0.000434 102
0.228086 2
0.000364 102
2.210627 1
0.391373 1
0.228146 1
0.201335 1
5.672390 1
0.250946 1
0.202287 1
0.355955 1
0.338964 1
0.265419 1
0.888544 4
0.236536 4
0.219210 4
0.448032 4
0.666571 1
0.149520 1
0.126984 1
1.197556 1
0.161785 1
0.189497 2
2.502125 102
3.341532 1
0.151943 1
0.357643 2
0.004126 75
0.000972 102
6